0 0.090580
1 0.090249
2 0.089907
3 0.107774
4 0.090297
5 0.090783
6 0.096563
7 0.099509
8 0.094399
9 0.093471
10 0.121096
11 0.093749
12 0.094930
13 0.102894
14 0.092712
15 0.092625
16 0.093764
17 0.097464
18 0.093087
19 0.092534
20 0.092463
21 0.092290
22 0.092045
23 0.092642
24 0.095295
25 0.092245
26 0.092369
27 0.091486
28 0.093777
29 0.093242
30 0.091511
31 0.095016
32 0.093189
33 0.091777
34 0.092020
35 0.092846
36 0.092011
37 0.092285
38 0.093080
39 0.089420
40 0.089516
41 0.090007
42 0.096940
43 0.094645
44 0.095471
45 0.100055
46 0.092766
47 0.089735
48 0.089945
49 0.090018
50 0.091740
51 0.092771
52 0.091695
53 0.096632
54 0.094827
55 0.094013
56 0.094188
57 0.093527
58 0.094392
59 0.093624
60 0.096610
61 0.094378
62 0.093601
63 0.092657
64 0.091623
65 0.091399
66 0.092250
67 0.092479
68 0.091983
69 0.091460
70 0.091991
71 0.092353
72 0.091628
73 0.091874
74 0.093467
75 0.091712
76 0.092262
77 0.091736
78 0.091802
79 0.092405
80 0.093884
81 0.093344
82 0.094322
83 0.094305
84 0.094244
85 0.095713
86 0.094465
87 0.093839
88 0.094708
89 0.094416
90 0.094104
91 0.094473
92 0.096946
93 0.095337
94 0.094743
95 0.095200
96 0.090426
97 0.089395
98 0.091255
99 0.092036