0 0.093310
1 0.090780
2 0.091047
3 0.090908
4 0.090224
5 0.090856
6 0.147700
7 0.124036
8 0.094717
9 0.093221
10 0.103842
11 0.092465
12 0.095610
13 0.098546
14 0.092942
15 0.093322
16 0.095345
17 0.094046
18 0.092204
19 0.092031
20 0.092237
21 0.094023
22 0.092880
23 0.091877
24 0.093244
25 0.092247
26 0.091461
27 0.092412
28 0.093166
29 0.093322
30 0.092515
31 0.091804
32 0.093956
33 0.091748
34 0.091415
35 0.092452
36 0.091447
37 0.092129
38 0.092097
39 0.099525
40 0.090215
41 0.091865
42 0.094488
43 0.095919
44 0.094510
45 0.095750
46 0.101862
47 0.091212
48 0.091710
49 0.091156
50 0.092980
51 0.091404
52 0.092153
53 0.106452
54 0.093563
55 0.094710
56 0.093876
57 0.094882
58 0.093812
59 0.094681
60 0.096040
61 0.093336
62 0.094436
63 0.091754
64 0.092508
65 0.092463
66 0.091593
67 0.094856
68 0.091872
69 0.092006
70 0.092394
71 0.092308
72 0.092166
73 0.091914
74 0.093454
75 0.092634
76 0.091741
77 0.093048
78 0.092032
79 0.091912
80 0.092389
81 0.091880
82 0.097104
83 0.094560
84 0.093194
85 0.095083
86 0.094243
87 0.094646
88 0.093821
89 0.094656
90 0.095489
91 0.095231
92 0.095648
93 0.094153
94 0.094174
95 0.094417
96 0.097772
97 0.091487
98 0.090531
99 0.092578