0 0.092654
1 0.089301
2 0.089074
3 0.089120
4 0.090050
5 0.090209
6 0.090886
7 0.089381
8 0.090574
9 0.089914
10 0.089907
11 0.090636
12 0.090236
13 0.090560
14 0.090494
15 0.090441
16 0.090698
17 0.089733
18 0.090177
19 0.089328
20 0.089456
21 0.089390
22 0.089436
23 0.089428
24 0.089413
25 0.089871
26 0.089408
27 0.089309
28 0.089349
29 0.090393
30 0.089375
31 0.089333
32 0.090198
33 0.089367
34 0.089437
35 0.089351
36 0.089375
37 0.089343
38 0.089243
39 0.090279
40 0.089353
41 0.089480
42 0.093521
43 0.089255
44 0.089359
45 0.089120
46 0.090256
47 0.089498
48 0.089361
49 0.089569
50 0.094541
51 0.089392
52 0.089320
53 0.106455
54 0.089163
55 0.089167
56 0.089244
57 0.089320
58 0.089206
59 0.089201
60 0.089913
61 0.089203
62 0.089107
63 0.089243
64 0.089377
65 0.089269
66 0.089370
67 0.089578
68 0.089875
69 0.089285
70 0.089296
71 0.089336
72 0.089298
73 0.089422
74 0.089381
75 0.090190
76 0.089406
77 0.089257
78 0.089351
79 0.089331
80 0.089249
81 0.089409
82 0.090215
83 0.089197
84 0.089256
85 0.089175
86 0.089270
87 0.089125
88 0.089160
89 0.090268
90 0.089281
91 0.089361
92 0.089177
93 0.089251
94 0.089225
95 0.089238
96 0.090480
97 0.089631
98 0.089684
99 0.089375